0					1
15					0.989495
30					0.978892
45					0.968118
60					0.956436
75					0.945831
90					0.934891
105					0.923676
120					0.911348
135					0.900412
150					0.889952
165					0.875414
180					0.863481
195					0.851767
210					0.838288
225					0.824768
240					0.813905
255					0.795213
270					0.789767
285					0.770251
300					0.758352
315					0.741634
330					0.725584
345					0.710085
360					0.694887
375					0.673325
390					0.662482
405					0.644054
420					0.622975
435					0.609798
450					0.590463
465					0.574796
480					0.554103
495					0.527256
510					0.507028
525					0.479917
540					0.458878
555					0.433183
570					0.40189
585					0.379565
600					0.352417
615					0.311484
630					0.298142
645					0.279026
660					0.232414
675					0.217888
690					0.186562
705					0.189237
720					0.158893
735					0.164284
750					0.13062
765					0.12667
780					0.128811
795					0.117778
810					0.108365
825					0.105725
840					0.100929
855					0.0938843
870					0.0932351
885					0.0936846
900					0.0861096
915					0.0862815
930					0.0846123
945					0.0806711
960					0.0794326
975					0.0805462
990					0.0768988
1005					0.0750779
1020					0.0722222
1035					0.0708152
1050					0.0707925
1065					0.0699288
1080					0.0703402
1095					0.0699478
1110					0.0689299
1125					0.0667914
1140					0.0660484
1155					0.0657911
1170					0.0641274
1185					0.0649451
1200					0.063007
1215					0.0627672
1230					0.060855
1245					0.0619719
1260					0.0619989
1275					0.0610183
1290					0.0602737
1305					0.0605444
1320					0.0587432
1335					0.0580953
1350					0.0599839
1365					0.0587918
1380					0.0575544
1395					0.0582621
1410					0.0585093
1425					0.0575158
1440					0.0582904
1455					0.0560964
1470					0.0561147
1485					0.055906
1500					0.0548398
