0					1
15					0.990265
30					0.980592
45					0.970388
60					0.960539
75					0.950461
90					0.940522
105					0.930086
120					0.919269
135					0.908986
150					0.898355
165					0.885382
180					0.874322
195					0.863857
210					0.852998
225					0.842174
240					0.829876
255					0.814973
270					0.806145
285					0.787887
300					0.778088
315					0.763245
330					0.750064
345					0.736513
360					0.722988
375					0.709038
390					0.691954
405					0.676174
420					0.65936
435					0.642425
450					0.626877
465					0.610534
480					0.586546
495					0.570693
510					0.545573
525					0.53111
540					0.505302
555					0.481051
570					0.464364
585					0.43368
600					0.415103
615					0.370391
630					0.344924
645					0.31649
660					0.27884
675					0.243194
690					0.180834
705					0.150057
720					0.143533
735					0.127262
750					0.100591
765					0.0999397
780					0.088809
795					0.0787989
810					0.0698466
825					0.0676592
840					0.0626455
855					0.0615652
870					0.0594202
885					0.0589626
900					0.0546997
915					0.0526727
930					0.0523403
945					0.0512635
960					0.0493407
975					0.0460612
990					0.0462589
1005					0.0459392
1020					0.0443036
1035					0.0434859
1050					0.0421207
1065					0.0412658
1080					0.039747
1095					0.0400911
1110					0.0407092
1125					0.0394663
1140					0.0402563
1155					0.0387361
1170					0.0378269
1185					0.0368166
1200					0.0374274
1215					0.0365517
1230					0.0362008
1245					0.0369792
1260					0.0364129
1275					0.0354271
1290					0.034806
1305					0.0345521
1320					0.0346939
1335					0.0338255
1350					0.0338994
1365					0.0342941
1380					0.0340934
1395					0.033885
1410					0.0340585
1425					0.0326905
1440					0.0327837
1455					0.0325588
1470					0.0322971
1485					0.032586
1500					0.0321836
