0					1
15					0.990781
30					0.981408
45					0.971999
60					0.962322
75					0.952833
90					0.943429
105					0.933232
120					0.923793
135					0.913804
150					0.903209
165					0.892834
180					0.883206
195					0.871838
210					0.860022
225					0.850291
240					0.839194
255					0.825851
270					0.815153
285					0.804896
300					0.790104
315					0.775826
330					0.766454
345					0.75411
360					0.736956
375					0.723764
390					0.711277
405					0.694596
420					0.682627
435					0.66047
450					0.646013
465					0.634164
480					0.617979
495					0.587546
510					0.578691
525					0.553442
540					0.542946
555					0.516522
570					0.4947
585					0.466699
600					0.444028
615					0.421583
630					0.369638
645					0.351543
660					0.302328
675					0.281619
690					0.23896
705					0.198227
720					0.13978
735					0.118098
750					0.0836349
765					0.0750974
780					0.0667828
795					0.058575
810					0.0557988
825					0.050106
840					0.0466158
855					0.0432259
870					0.039105
885					0.0400064
900					0.0375978
915					0.0384482
930					0.0346298
945					0.0333156
960					0.0343309
975					0.032437
990					0.0308426
1005					0.0315371
1020					0.0298659
1035					0.029328
1050					0.0290351
1065					0.0287562
1080					0.0280165
1095					0.0273565
1110					0.0269681
1125					0.0257806
1140					0.0261038
1155					0.0257279
1170					0.025726
1185					0.0256563
1200					0.0252959
1215					0.0253664
1230					0.0244928
1245					0.0234224
1260					0.0237219
1275					0.0239964
1290					0.023452
1305					0.0228996
1320					0.0228948
1335					0.023043
1350					0.0228705
1365					0.022669
1380					0.0224296
1395					0.0225511
1410					0.0220551
1425					0.022097
1440					0.0216019
1455					0.021766
1470					0.0214131
1485					0.0212298
1500					0.0208499
