0					1
15					0.991035
30					0.982178
45					0.972944
60					0.963949
75					0.954882
90					0.945363
105					0.935267
120					0.925837
135					0.91604
150					0.906431
165					0.896398
180					0.884582
195					0.87506
210					0.865014
225					0.855731
240					0.844476
255					0.832413
270					0.821751
285					0.810426
300					0.797183
315					0.787465
330					0.773787
345					0.762099
360					0.749257
375					0.734747
390					0.722417
405					0.706913
420					0.693281
435					0.676681
450					0.664067
465					0.646377
480					0.629865
495					0.60899
510					0.594178
525					0.58037
540					0.550054
555					0.529949
570					0.514887
585					0.492669
600					0.460562
615					0.440822
630					0.406563
645					0.374919
660					0.334122
675					0.300101
690					0.249087
705					0.204437
720					0.156563
735					0.110643
750					0.0747476
765					0.0635026
780					0.0552194
795					0.0481919
810					0.0396205
825					0.0362988
840					0.0347017
855					0.0327915
870					0.029889
885					0.0296525
900					0.0279911
915					0.0265821
930					0.0257488
945					0.0238204
960					0.0242056
975					0.0233099
990					0.0232794
1005					0.0219491
1020					0.0210872
1035					0.0212801
1050					0.0209532
1065					0.0204402
1080					0.0188845
1095					0.02003
1110					0.0192628
1125					0.0187657
1140					0.0182749
1155					0.0184902
1170					0.0178145
1185					0.0181943
1200					0.0177375
1215					0.0172086
1230					0.0168364
1245					0.0172828
1260					0.0170545
1275					0.0167005
1290					0.0163578
1305					0.0166125
1320					0.0167578
1335					0.0161918
1350					0.0163007
1365					0.0157129
1380					0.0160113
1395					0.0160341
1410					0.0157407
1425					0.0153872
1440					0.01538
1455					0.0152014
1470					0.0150227
1485					0.0149766
1500					0.0151876
