0					1
15					0.991267
30					0.982541
45					0.973787
60					0.964496
75					0.955813
90					0.946187
105					0.937492
120					0.927386
135					0.918607
150					0.908348
165					0.899176
180					0.88996
195					0.879338
210					0.868582
225					0.858707
240					0.848173
255					0.838092
270					0.825846
285					0.813932
300					0.804143
315					0.793055
330					0.78058
345					0.769223
360					0.75642
375					0.743363
390					0.728856
405					0.714908
420					0.700871
435					0.687875
450					0.67042
465					0.655055
480					0.642681
495					0.626478
510					0.60778
525					0.59006
540					0.571925
555					0.550551
570					0.525914
585					0.506099
600					0.481995
615					0.458522
630					0.430932
645					0.391379
660					0.350779
675					0.325072
690					0.279733
705					0.238417
720					0.141088
735					0.101153
750					0.0665457
765					0.0565834
780					0.0467266
795					0.0396338
810					0.0314742
825					0.0319245
840					0.0266806
855					0.0244037
870					0.0251971
885					0.0230291
900					0.0215317
915					0.0196527
930					0.0202087
945					0.0188675
960					0.0200236
975					0.0185175
990					0.0179383
1005					0.0162882
1020					0.0170971
1035					0.0167243
1050					0.0161764
1065					0.0162601
1080					0.0159445
1095					0.0149162
1110					0.0151142
1125					0.0148182
1140					0.0144383
1155					0.0142123
1170					0.0140621
1185					0.0140476
1200					0.0134632
1215					0.0137773
1230					0.0134233
1245					0.0135892
1260					0.013667
1275					0.0131973
1290					0.0133975
1305					0.0130476
1320					0.0128369
1335					0.0128206
1350					0.0126831
1365					0.0124
1380					0.0123565
1395					0.0124215
1410					0.0119755
1425					0.0118467
1440					0.012041
1455					0.011984
1470					0.0118621
1485					0.0117844
1500					0.0117209
