0					1
15					0.991455
30					0.982892
45					0.974196
60					0.965436
75					0.95667
90					0.947787
105					0.938876
120					0.929567
135					0.920446
150					0.910696
165					0.900833
180					0.891174
195					0.881246
210					0.871158
225					0.861537
240					0.852268
255					0.841534
270					0.830963
285					0.818532
300					0.808276
315					0.796991
330					0.7859
345					0.772992
360					0.762096
375					0.748853
390					0.734543
405					0.724753
420					0.707843
435					0.696317
450					0.679042
465					0.666464
480					0.648466
495					0.635005
510					0.620373
525					0.598742
540					0.58048
555					0.559523
570					0.536769
585					0.519106
600					0.497498
615					0.466594
630					0.438797
645					0.413765
660					0.377669
675					0.341551
690					0.290807
705					0.237695
720					0.165004
735					0.0821381
750					0.0627815
765					0.0497385
780					0.0348169
795					0.0295144
810					0.0263136
825					0.0236374
840					0.022503
855					0.0217831
870					0.0196116
885					0.0192947
900					0.0184694
915					0.0173915
930					0.0161189
945					0.0152907
960					0.0156568
975					0.0150012
990					0.014137
1005					0.01427
1020					0.013279
1035					0.013187
1050					0.0125545
1065					0.0128642
1080					0.012449
1095					0.0124358
1110					0.0118996
1125					0.0114307
1140					0.0113945
1155					0.0113059
1170					0.0112599
1185					0.0113327
1200					0.0110362
1215					0.0112223
1230					0.0108838
1245					0.0103966
1260					0.010342
1275					0.0104486
1290					0.0102783
1305					0.0101462
1320					0.0100566
1335					0.00998959
1350					0.00982987
1365					0.00973765
1380					0.00984919
1395					0.00961587
1410					0.00957883
1425					0.00955696
1440					0.00965984
1455					0.00957912
1470					0.00937094
1485					0.00934428
1500					0.00908729
