0					1
15					0.991623
30					0.98312
45					0.97476
60					0.966024
75					0.957241
90					0.948363
105					0.939515
120					0.930585
135					0.92122
150					0.912065
165					0.90282
180					0.89327
195					0.883883
210					0.874126
225					0.86292
240					0.853545
255					0.842676
270					0.832193
285					0.822794
300					0.811371
315					0.798931
330					0.787802
345					0.77645
360					0.766243
375					0.752983
390					0.739955
405					0.726841
420					0.714091
435					0.698934
450					0.685369
465					0.66819
480					0.654806
495					0.64059
510					0.624488
525					0.604228
540					0.588654
555					0.569246
570					0.547717
585					0.530421
600					0.500189
615					0.479639
630					0.453671
645					0.422593
660					0.389728
675					0.344423
690					0.297688
705					0.254233
720					0.195897
735					0.11773
750					0.0698481
765					0.0389597
780					0.0311527
795					0.024648
810					0.0197175
825					0.0190353
840					0.0184199
855					0.0187044
870					0.0161373
885					0.0154586
900					0.0139382
915					0.0140807
930					0.0142115
945					0.0120435
960					0.0121501
975					0.0118653
990					0.0117848
1005					0.0114353
1020					0.0111203
1035					0.0107099
1050					0.0104894
1065					0.0105633
1080					0.0101989
1095					0.00984415
1110					0.00962426
1125					0.00985365
1140					0.00930578
1155					0.00930118
1170					0.00935681
1185					0.0089626
1200					0.00920446
1215					0.00881043
1230					0.00857582
1245					0.00878605
1260					0.00858413
1275					0.0085643
1290					0.0084417
1305					0.00825074
1320					0.00833166
1335					0.00810927
1350					0.00816605
1365					0.00808933
1380					0.00798864
1395					0.00784926
1410					0.0077228
1425					0.00776579
1440					0.00768002
