0					1
15					0.991679
30					0.983343
45					0.974846
60					0.96641
75					0.957691
90					0.949072
105					0.939905
120					0.931081
135					0.922395
150					0.912846
165					0.904409
180					0.894287
195					0.884287
210					0.875561
225					0.86529
240					0.855933
255					0.84529
270					0.834269
285					0.824049
300					0.813908
315					0.802424
330					0.791282
345					0.779973
360					0.768706
375					0.755954
390					0.74394
405					0.731076
420					0.717648
435					0.701521
450					0.691099
465					0.674895
480					0.660135
495					0.644908
510					0.627613
525					0.612915
540					0.591776
555					0.575104
570					0.551121
585					0.53221
600					0.509327
615					0.483773
630					0.455559
645					0.423743
660					0.399867
675					0.364128
690					0.326975
705					0.262876
720					0.202934
735					0.105771
750					0.0478284
765					0.0353656
780					0.0245387
795					0.0207351
810					0.0192641
825					0.0173489
840					0.016124
855					0.0153785
870					0.0148361
885					0.012709
900					0.0117144
915					0.0122241
930					0.0116609
945					0.0106013
960					0.0105871
975					0.0104904
990					0.010217
1005					0.00961252
1020					0.00959395
1035					0.00937378
1050					0.00917861
1065					0.00914331
1080					0.0087393
1095					0.00859189
1110					0.00852217
1125					0.00830233
1140					0.00802996
1155					0.00822412
1170					0.00816422
1185					0.00785673
1200					0.00759499
1215					0.00764611
1230					0.00746006
1245					0.00727873
1260					0.00739186
1275					0.00743058
1290					0.00724424
1305					0.00698454
1320					0.00713995
1335					0.00698423
1350					0.00687354
1365					0.00700698
1380					0.00690632
1395					0.00675509
1410					0.00666176
1425					0.00666241
1440					0.00658924
1455					0.00657236
1470					0.00653805
1485					0.00649287
1500					0.00642838
