2	3	4	5	6	7	8	9	10	11	12	13	14	15	16
1	1	1	1	1	1	1	1	1	1	1	1	1	1	1
0.995381	0.995573	0.995571	0.99572	0.995863	0.995928	0.99597	0.996086	0.996126	0.996148	0.996174	0.996225	0.996239	0.996242	0.996258
0.990697	0.991091	0.991096	0.99142	0.991699	0.991832	0.991924	0.992144	0.992236	0.992282	0.992326	0.992388	0.992418	0.99245	0.992471
0.986011	0.986567	0.986611	0.987065	0.987478	0.987679	0.98784	0.988168	0.988306	0.988375	0.988419	0.988553	0.988601	0.988637	0.98869
0.981256	0.982031	0.98208	0.98268	0.983212	0.983521	0.983698	0.984169	0.984333	0.984418	0.98452	0.98466	0.984739	0.984778	0.984851
0.97645	0.977444	0.977508	0.978236	0.978912	0.979275	0.979556	0.980072	0.980363	0.980434	0.980536	0.980726	0.980854	0.980886	0.980941
0.971475	0.972796	0.972889	0.97373	0.974613	0.97505	0.975328	0.975946	0.976292	0.976458	0.976516	0.976795	0.976892	0.977001	0.976981
0.966564	0.968068	0.968219	0.969275	0.970278	0.970691	0.971092	0.971875	0.972236	0.972381	0.972542	0.972821	0.972932	0.972986	0.973138
0.961629	0.963361	0.963444	0.964715	0.96577	0.966372	0.96685	0.967674	0.968126	0.968259	0.968541	0.968762	0.968965	0.969065	0.969127
0.956533	0.958518	0.95868	0.960135	0.961436	0.962061	0.962584	0.963509	0.964036	0.964161	0.964334	0.964755	0.964952	0.96496	0.965162
0.9514	0.953671	0.953809	0.955494	0.956875	0.957646	0.958201	0.959304	0.959778	0.960061	0.960187	0.960654	0.960822	0.960908	0.961128
0.946354	0.948759	0.949016	0.950871	0.952415	0.953268	0.953785	0.955021	0.95568	0.955828	0.956048	0.956524	0.956695	0.95684	0.956993
0.940968	0.943785	0.944194	0.946148	0.947873	0.948741	0.949338	0.95065	0.951352	0.951542	0.951827	0.952243	0.952621	0.952689	0.952885
0.935784	0.938873	0.939292	0.941284	0.943113	0.944068	0.944986	0.946286	0.947004	0.94721	0.9476	0.948092	0.948407	0.948485	0.948748
0.930474	0.933823	0.934266	0.936422	0.938519	0.93956	0.940231	0.941988	0.942567	0.942864	0.943181	0.943663	0.944131	0.944385	0.944508
0.924678	0.928835	0.929209	0.931711	0.933703	0.934921	0.935857	0.937381	0.938259	0.938571	0.939038	0.939564	0.939817	0.94006	0.940134
0.919402	0.923703	0.92417	0.926823	0.928927	0.930379	0.931272	0.932837	0.933828	0.934027	0.934614	0.935173	0.935556	0.935687	0.935985
0.913915	0.918188	0.918805	0.92182	0.924174	0.925563	0.926433	0.928371	0.929316	0.929558	0.930195	0.930905	0.93121	0.931463	0.931682
0.908375	0.913007	0.913786	0.916793	0.919303	0.920659	0.921793	0.923724	0.924781	0.925015	0.925594	0.926429	0.926781	0.926991	0.927112
0.902409	0.907354	0.908399	0.911683	0.914397	0.915888	0.917006	0.919031	0.920189	0.920507	0.921013	0.921903	0.922122	0.922471	0.922923
0.896564	0.902181	0.903019	0.906523	0.90933	0.910978	0.912156	0.914335	0.915585	0.916148	0.916479	0.91737	0.917774	0.918112	0.918278
0.890316	0.896634	0.897644	0.901176	0.904473	0.905976	0.907304	0.909674	0.910861	0.911238	0.911869	0.912743	0.913241	0.913556	0.913741
0.884783	0.89094	0.892215	0.895996	0.89923	0.900991	0.902247	0.90493	0.906046	0.906649	0.90709	0.908198	0.908783	0.908874	0.909365
0.878421	0.88544	0.886553	0.890578	0.894303	0.896033	0.897329	0.900063	0.901387	0.901819	0.9023	0.903504	0.903928	0.904154	0.904737
0.872333	0.879652	0.880761	0.885365	0.888884	0.89115	0.892543	0.895128	0.896321	0.896889	0.897743	0.898794	0.899361	0.899608	0.899944
0.865731	0.873754	0.875465	0.879944	0.88367	0.885732	0.887158	0.889977	0.89161	0.892097	0.892435	0.894074	0.894514	0.894855	0.895321
0.859355	0.867747	0.869558	0.874054	0.878261	0.880407	0.882048	0.885232	0.886484	0.887162	0.887714	0.889024	0.889661	0.889984	0.890341
0.852803	0.861723	0.863404	0.868633	0.872757	0.874979	0.876703	0.88012	0.881599	0.882076	0.88286	0.884035	0.884791	0.885007	0.885599
0.845965	0.855416	0.857623	0.862804	0.867428	0.869616	0.871328	0.87475	0.876518	0.877035	0.87772	0.878937	0.879899	0.880346	0.88046
0.839181	0.849452	0.851437	0.856845	0.861894	0.864241	0.866096	0.869572	0.871205	0.871873	0.872653	0.874064	0.874817	0.875362	0.875709
0.832398	0.843009	0.845444	0.85111	0.856135	0.858596	0.860304	0.864146	0.865857	0.866501	0.867545	0.868879	0.86967	0.870029	0.870561
0.82506	0.836587	0.839129	0.845191	0.850119	0.853201	0.854908	0.858833	0.860728	0.861215	0.862099	0.86384	0.864593	0.864781	0.865422
0.818009	0.829998	0.832573	0.839164	0.84426	0.847406	0.849242	0.853184	0.855209	0.856019	0.856729	0.858494	0.859573	0.859544	0.860153
0.810501	0.823409	0.82671	0.832721	0.838352	0.841467	0.843264	0.847638	0.849657	0.850633	0.851348	0.85309	0.853927	0.854466	0.854897
0.802538	0.816504	0.819736	0.826517	0.832507	0.835368	0.837909	0.841913	0.844027	0.845052	0.846084	0.847656	0.848193	0.849138	0.8496
0.794882	0.809128	0.813034	0.820143	0.825811	0.829477	0.832035	0.836103	0.838091	0.839137	0.840243	0.84191	0.843046	0.843562	0.844127
0.786899	0.802308	0.806004	0.813657	0.819749	0.823018	0.825918	0.830498	0.832559	0.833698	0.834766	0.836288	0.837686	0.83754	0.83894
0.777802	0.794853	0.799084	0.806957	0.813511	0.817179	0.819575	0.824412	0.826716	0.827864	0.828756	0.830597	0.831822	0.832459	0.833116
0.769902	0.787523	0.792288	0.800322	0.807144	0.810971	0.813311	0.818783	0.820658	0.821618	0.823157	0.825034	0.825966	0.826333	0.827141
0.761498	0.779754	0.785367	0.793099	0.800668	0.804297	0.807283	0.812147	0.814642	0.815916	0.817083	0.818767	0.819925	0.8207	0.821326
0.752254	0.771621	0.777849	0.786206	0.793744	0.797945	0.80087	0.805919	0.808333	0.809881	0.810858	0.812751	0.814227	0.814627	0.815667
0.742692	0.764155	0.770165	0.77928	0.786647	0.791292	0.794297	0.799132	0.801751	0.803249	0.804698	0.806938	0.808707	0.808763	0.809785
0.733747	0.755725	0.76271	0.772124	0.779777	0.784015	0.787348	0.792851	0.795705	0.796909	0.798606	0.800639	0.801489	0.802721	0.803556
0.724315	0.747097	0.754732	0.764569	0.772441	0.776769	0.77986	0.786416	0.789005	0.790337	0.792327	0.794097	0.795477	0.796359	0.797582
0.714194	0.73915	0.746999	0.756875	0.765124	0.770112	0.773671	0.779482	0.782531	0.783602	0.785365	0.787751	0.788732	0.789819	0.790781
0.703777	0.730702	0.738218	0.749253	0.757814	0.762827	0.76637	0.772672	0.775846	0.776905	0.778617	0.781207	0.782315	0.78332	0.784325
0.693267	0.721459	0.730397	0.741025	0.749778	0.755506	0.759112	0.765301	0.768589	0.770288	0.771581	0.774422	0.775794	0.776762	0.777354
0.682172	0.712288	0.721753	0.733105	0.742052	0.747534	0.75199	0.758075	0.761167	0.762958	0.764769	0.767637	0.769169	0.769838	0.770984
0.671261	0.70226	0.713117	0.724552	0.73404	0.739665	0.74429	0.750945	0.753936	0.755874	0.757572	0.760231	0.761845	0.762851	0.764162
0.6596	0.693005	0.704253	0.716039	0.725792	0.731947	0.73601	0.742285	0.746697	0.748341	0.750492	0.753262	0.754873	0.755525	0.756338
0.647624	0.683118	0.694645	0.707315	0.717197	0.72358	0.728486	0.735132	0.738882	0.741166	0.74319	0.745532	0.747422	0.748509	0.74941
0.636098	0.672621	0.684916	0.698301	0.708814	0.715064	0.720083	0.726683	0.731392	0.732825	0.734783	0.738327	0.73937	0.740792	0.741936
0.623018	0.66267	0.6756	0.688985	0.699859	0.706416	0.711553	0.718374	0.72295	0.725326	0.727349	0.730093	0.732045	0.732884	0.733981
0.610417	0.650862	0.665147	0.679525	0.690549	0.697543	0.702917	0.710523	0.714675	0.71701	0.719322	0.722679	0.724095	0.725596	0.726696
0.595836	0.639597	0.655355	0.669651	0.681494	0.688972	0.694262	0.701951	0.70601	0.708682	0.710333	0.714154	0.71574	0.716915	0.718284
0.582575	0.628496	0.644229	0.659257	0.671731	0.679979	0.684758	0.693369	0.697841	0.699986	0.702197	0.70546	0.707281	0.708387	0.710061
0.568898	0.616429	0.633718	0.649484	0.661619	0.669764	0.675211	0.683662	0.68841	0.69095	0.693468	0.696732	0.699322	0.700037	0.70155
0.553295	0.604148	0.622237	0.638553	0.651436	0.659342	0.665788	0.674126	0.678858	0.681667	0.684334	0.687733	0.68954	0.691883	0.692527
0.540176	0.591321	0.610526	0.627612	0.640871	0.649662	0.656297	0.664694	0.669217	0.672569	0.6748	0.678155	0.68075	0.681997	0.68416
0.522892	0.578362	0.5988	0.616454	0.629799	0.639005	0.645279	0.654838	0.659721	0.661844	0.665696	0.668634	0.671351	0.672851	0.67463
0.507964	0.564697	0.58615	0.604631	0.618475	0.627908	0.634803	0.643591	0.649554	0.652593	0.655613	0.658908	0.661848	0.663233	0.664898
0.492772	0.550185	0.573126	0.592447	0.606889	0.616954	0.623637	0.633434	0.638713	0.641593	0.645201	0.648854	0.651408	0.653092	0.655456
0.476595	0.535836	0.560011	0.580311	0.594933	0.605156	0.612589	0.621496	0.627499	0.631205	0.634721	0.638077	0.640511	0.642508	0.644864
0.461088	0.520663	0.545907	0.566763	0.5819	0.592687	0.600924	0.610887	0.616714	0.619473	0.623481	0.627529	0.630509	0.632178	0.634286
0.445051	0.505109	0.53155	0.553076	0.56954	0.58014	0.588461	0.598071	0.604501	0.608455	0.61198	0.616189	0.618855	0.621407	0.622632
0.428362	0.48907	0.516765	0.538848	0.555911	0.567643	0.575728	0.586272	0.592475	0.59544	0.599664	0.60419	0.607471	0.609553	0.611841
0.41237	0.472702	0.501986	0.524882	0.54174	0.552868	0.562923	0.573312	0.579547	0.583784	0.587378	0.591905	0.595479	0.597339	0.599511
0.400073	0.455404	0.485305	0.508793	0.526991	0.539374	0.549029	0.559552	0.566348	0.569861	0.574356	0.578749	0.582565	0.584728	0.586818
0.383792	0.437145	0.469197	0.493563	0.511334	0.524663	0.534478	0.545352	0.552595	0.557002	0.56091	0.566207	0.569529	0.571319	0.573595
0.370413	0.418631	0.451258	0.477231	0.495375	0.50939	0.519481	0.531073	0.537972	0.54277	0.546894	0.551733	0.555152	0.558121	0.560536
0.356895	0.39897	0.433239	0.459069	0.479323	0.492831	0.50396	0.514301	0.522051	0.527848	0.531933	0.537041	0.540608	0.543055	0.546159
0.343902	0.378275	0.41392	0.440782	0.460632	0.475885	0.486744	0.498761	0.506753	0.511204	0.51632	0.521315	0.525544	0.528688	0.530536
0.333301	0.356698	0.392209	0.421781	0.442407	0.457175	0.469966	0.481874	0.489364	0.495127	0.499615	0.505053	0.508951	0.511587	0.514768
0.322025	0.337501	0.371937	0.401481	0.423057	0.438515	0.450525	0.462787	0.471342	0.477183	0.481947	0.487895	0.492416	0.494598	0.497958
0.310675	0.317685	0.350223	0.379801	0.401931	0.418013	0.430449	0.443154	0.452174	0.458159	0.463036	0.469659	0.474146	0.476438	0.479902
0.301277	0.297748	0.327055	0.356107	0.379469	0.396407	0.409685	0.422632	0.431376	0.438378	0.443636	0.449683	0.454234	0.457533	0.461227
0.293332	0.27806	0.302129	0.331998	0.355101	0.3739	0.38768	0.401163	0.409266	0.416854	0.422082	0.428901	0.433157	0.436567	0.439792
0.283705	0.260679	0.277698	0.306584	0.330196	0.34885	0.363287	0.376285	0.386496	0.392847	0.399655	0.406173	0.410329	0.414539	0.418137
0.276498	0.244345	0.254023	0.278501	0.301953	0.321314	0.336038	0.350622	0.36099	0.368249	0.374035	0.380029	0.385806	0.389559	0.393809
0.26896	0.229334	0.231459	0.250542	0.271878	0.291701	0.307026	0.320433	0.331674	0.339485	0.346414	0.353414	0.35861	0.362359	0.368123
0.262236	0.216152	0.209745	0.221916	0.241367	0.258717	0.274641	0.288472	0.300821	0.30849	0.315123	0.322966	0.32788	0.333077	0.337381
0.256233	0.204336	0.190396	0.195823	0.207292	0.223679	0.237877	0.252223	0.265156	0.272431	0.280278	0.288481	0.29268	0.299628	0.303955
0.24962	0.191875	0.17293	0.172036	0.177648	0.186099	0.1986	0.211704	0.222478	0.231979	0.239764	0.245815	0.254205	0.258976	0.264346
0.244095	0.183692	0.15861	0.151637	0.150031	0.153014	0.15775	0.167098	0.173561	0.183113	0.191008	0.198152	0.20512	0.211628	0.216534
0.239183	0.174172	0.147712	0.13577	0.130049	0.124791	0.123208	0.126078	0.127864	0.12911	0.132287	0.139579	0.146093	0.149122	0.154939
0.234541	0.166995	0.136686	0.122414	0.112182	0.104049	0.0990279	0.094983	0.0929983	0.0909605	0.088365	0.0888883	0.0868638	0.0868104	0.0862463
0.230471	0.159732	0.127616	0.111884	0.0992113	0.0890463	0.0824457	0.0755983	0.0709218	0.0670403	0.0627893	0.0588872	0.0564501	0.053108	0.0509029
0.226086	0.153824	0.120195	0.103195	0.088908	0.0780382	0.0690209	0.0639242	0.0577557	0.0531513	0.0487941	0.0448885	0.0415471	0.0386356	0.0362397
0.222612	0.148147	0.114183	0.0953852	0.0813007	0.0701351	0.0612436	0.0553279	0.0494501	0.0445319	0.0405139	0.0371103	0.0337977	0.0312219	0.0290079
0.219019	0.143365	0.10888	0.0890979	0.0744362	0.0637026	0.0552269	0.048986	0.0434387	0.038678	0.0350805	0.0315334	0.0291894	0.0265229	0.0245781
0.215154	0.138814	0.103452	0.0843876	0.0696468	0.0590131	0.0503452	0.044394	0.0394621	0.0347764	0.0312599	0.0282915	0.0256078	0.0235469	0.0215612
0.212154	0.134823	0.0992672	0.0798601	0.0653352	0.0550207	0.046493	0.0406675	0.0360067	0.0317334	0.0287525	0.0256491	0.0231907	0.0210881	0.0193899
0.209017	0.131058	0.0956455	0.0762698	0.0618037	0.051941	0.0433756	0.0381327	0.033118	0.0293457	0.0262209	0.023618	0.0214091	0.0193324	0.017777
0.206033	0.127382	0.0920793	0.0728738	0.0588331	0.0489799	0.0411361	0.0356386	0.0311075	0.0275214	0.0246294	0.0220412	0.0199538	0.0180586	0.0165713
0.203527	0.124417	0.0894322	0.0699302	0.0563972	0.0464852	0.0390903	0.0337035	0.0294239	0.0258407	0.0231135	0.0207097	0.0186741	0.0170549	0.0155066
0.201135	0.121576	0.0862427	0.0673118	0.0541042	0.0445943	0.0372169	0.0322001	0.0281113	0.0246089	0.0218391	0.0196376	0.0176462	0.0160056	0.0146689
0.198682	0.118805	0.0837971	0.0654257	0.0517523	0.0426018	0.0357462	0.030727	0.0266735	0.0233898	0.0208537	0.0186675	0.0168113	0.0152193	0.0139541
0.196296	0.116663	0.0817209	0.0632411	0.0503266	0.0414358	0.0341806	0.0295785	0.0256321	0.022453	0.0199906	0.0178458	0.0161699	0.0145684	0.0132886
0.194499	0.114555	0.0798799	0.0614258	0.0486758	0.0397563	0.0330805	0.0284521	0.0247086	0.0216335	0.019115	0.0172011	0.0154762	0.0140473	0.0127863
0.19233	0.112278	0.0778699	0.0598241	0.0471506	0.0386132	0.0320225	0.027562	0.0238736	0.02084	0.0185355	0.0165113	0.0148838	0.0134684	0.0123035
0.190734	0.110306	0.0762726	0.0584211	0.0460633	0.0375661	0.0310581	0.0266724	0.0231073	0.0201476	0.0179383	0.0160598	0.0144058	0.0129935	0.0119037
