2	3	4	5	6	7	8	9	10	11	12	13	14	15	16
0.331437	0.311215	0.281272	0.282064	0.282251	0.281716	0.282086	0.28974	0.288631	0.286855	0.28545	0.287221	0.287898	0.285465	0.285215
0.328311	0.308511	0.279005	0.279875	0.280094	0.279612	0.280003	0.287586	0.286515	0.284773	0.283403	0.285164	0.285842	0.283446	0.283207
0.325171	0.305786	0.27673	0.277682	0.277931	0.277504	0.277918	0.285425	0.284395	0.282688	0.28135	0.28309	0.28377	0.281417	0.281188
0.322024	0.303054	0.274451	0.275478	0.275756	0.275382	0.275822	0.283254	0.282265	0.280593	0.279282	0.281018	0.281701	0.279383	0.279172
0.318858	0.300319	0.27216	0.273263	0.273566	0.273259	0.273712	0.28108	0.280124	0.278486	0.277217	0.278931	0.279619	0.277338	0.277141
0.315646	0.297585	0.26986	0.271036	0.271372	0.271112	0.271603	0.278876	0.277988	0.276371	0.27513	0.276833	0.277533	0.275285	0.275092
0.312466	0.294802	0.267553	0.268795	0.269178	0.268975	0.269472	0.276667	0.27582	0.27426	0.273033	0.274738	0.275425	0.273236	0.273028
0.30924	0.292021	0.265225	0.266566	0.266977	0.266802	0.26734	0.274476	0.273661	0.272123	0.270954	0.272631	0.273321	0.271151	0.271
0.306031	0.289248	0.262879	0.264318	0.264731	0.264639	0.265208	0.27225	0.271484	0.269973	0.268864	0.270502	0.271214	0.269092	0.268925
0.302776	0.286444	0.260543	0.262047	0.262528	0.262482	0.263069	0.270033	0.26932	0.267831	0.266719	0.268391	0.269097	0.266987	0.266864
0.29953	0.283609	0.258159	0.259778	0.260263	0.260295	0.260904	0.267809	0.267105	0.265694	0.264596	0.266252	0.266947	0.264893	0.264786
0.29621	0.2808	0.255827	0.257515	0.258047	0.258124	0.258729	0.265565	0.264937	0.263514	0.262472	0.264106	0.264799	0.262801	0.262681
0.292923	0.277926	0.253441	0.255221	0.255794	0.255919	0.256548	0.263296	0.262708	0.261327	0.260329	0.261925	0.26267	0.260682	0.260586
0.289626	0.275084	0.25106	0.252897	0.253481	0.253659	0.254391	0.261024	0.260475	0.259126	0.258186	0.259774	0.260503	0.258554	0.258483
0.28631	0.272243	0.248667	0.25058	0.251219	0.251457	0.25213	0.258784	0.25822	0.256927	0.255991	0.257552	0.258318	0.256456	0.256352
0.282834	0.269372	0.24626	0.248286	0.248908	0.249234	0.249975	0.256447	0.256	0.254739	0.253871	0.25542	0.256124	0.254296	0.254188
0.279619	0.266498	0.243844	0.245962	0.246589	0.24702	0.247763	0.254139	0.25375	0.252485	0.251679	0.253212	0.253946	0.252122	0.252083
0.276264	0.263519	0.241365	0.243617	0.2443	0.244745	0.245483	0.25185	0.251478	0.250256	0.249493	0.251038	0.251749	0.249997	0.249942
0.272928	0.260602	0.238962	0.241262	0.241987	0.242438	0.243258	0.249522	0.249199	0.248002	0.247254	0.248808	0.24953	0.247802	0.247731
0.269323	0.257629	0.236468	0.238864	0.239644	0.24018	0.241003	0.247172	0.246912	0.245767	0.245024	0.246569	0.247248	0.245594	0.245619
0.266017	0.254722	0.234008	0.236465	0.23727	0.237885	0.23872	0.244826	0.244623	0.243565	0.242805	0.244326	0.245054	0.243431	0.243391
0.262412	0.251727	0.231514	0.234047	0.234957	0.235567	0.236448	0.242493	0.242294	0.241223	0.240569	0.242064	0.242808	0.241218	0.241194
0.258918	0.248693	0.229028	0.231657	0.232535	0.23325	0.234121	0.240141	0.239948	0.238971	0.238296	0.239822	0.240587	0.238977	0.239036
0.255485	0.24569	0.226463	0.229192	0.230206	0.230936	0.231838	0.237756	0.237652	0.236652	0.236013	0.23754	0.23826	0.236726	0.23682
0.251865	0.242668	0.223904	0.226809	0.227752	0.228652	0.229583	0.235342	0.235243	0.23431	0.233806	0.23526	0.236013	0.234523	0.234558
0.248284	0.239614	0.221411	0.224338	0.225333	0.226242	0.227181	0.232886	0.232932	0.232004	0.231391	0.232982	0.233696	0.232264	0.23234
0.2447	0.236503	0.218836	0.221801	0.222891	0.223846	0.22486	0.230543	0.230513	0.22967	0.229139	0.230612	0.231378	0.229977	0.230035
0.24116	0.23338	0.216212	0.21937	0.220425	0.221426	0.222466	0.228099	0.228158	0.227291	0.226853	0.228265	0.22905	0.227664	0.227792
0.237444	0.230254	0.213603	0.216823	0.217997	0.219046	0.220098	0.225597	0.225759	0.224931	0.224498	0.225889	0.226728	0.225434	0.22545
0.233855	0.227159	0.210977	0.214247	0.215537	0.216642	0.217731	0.223153	0.223303	0.22254	0.222157	0.223577	0.224354	0.223129	0.223209
0.2302	0.223973	0.208347	0.211764	0.212997	0.214198	0.215243	0.220642	0.22084	0.220101	0.219807	0.221185	0.221966	0.22073	0.220867
0.226401	0.220793	0.20569	0.209195	0.210444	0.211798	0.212854	0.21816	0.218435	0.217685	0.217384	0.218837	0.219605	0.218365	0.218533
0.22282	0.217669	0.202989	0.206659	0.207874	0.209325	0.210418	0.215596	0.215935	0.215303	0.21498	0.21641	0.217253	0.215993	0.216165
0.218936	0.214402	0.200377	0.203986	0.205382	0.206816	0.207902	0.213074	0.213426	0.21286	0.212576	0.213977	0.214755	0.213673	0.213806
0.215174	0.211124	0.197586	0.201372	0.202852	0.20426	0.205522	0.210506	0.210912	0.210389	0.210207	0.211536	0.212232	0.211299	0.211441
0.211307	0.207809	0.19485	0.198735	0.200156	0.201767	0.203043	0.207926	0.208325	0.207832	0.207694	0.20902	0.209866	0.20886	0.209035
0.207581	0.204639	0.192059	0.196094	0.197584	0.19912	0.200526	0.205397	0.205848	0.2054	0.205278	0.206545	0.207454	0.206312	0.206701
0.20356	0.201314	0.189259	0.193396	0.19498	0.196689	0.197902	0.202748	0.203283	0.202877	0.202737	0.204055	0.204913	0.204002	0.204224
0.199854	0.198034	0.18659	0.19075	0.192386	0.194128	0.195376	0.20023	0.200698	0.200259	0.200302	0.201597	0.202384	0.20145	0.201701
0.196194	0.194621	0.183835	0.187953	0.189765	0.191479	0.192875	0.197463	0.1981	0.197778	0.19776	0.198984	0.199803	0.199009	0.199231
0.192316	0.191179	0.180951	0.185233	0.187034	0.188882	0.190293	0.194828	0.195459	0.195226	0.195182	0.196436	0.19733	0.196478	0.196805
0.18824	0.187974	0.178109	0.182542	0.184306	0.186273	0.187693	0.192063	0.192755	0.192532	0.192635	0.193939	0.194893	0.193997	0.194326
0.184338	0.184549	0.175283	0.179809	0.181613	0.183519	0.18499	0.189412	0.190193	0.189929	0.190104	0.191335	0.192065	0.191486	0.19177
0.1807	0.18097	0.172364	0.176995	0.178836	0.180785	0.182204	0.186736	0.187486	0.187272	0.187544	0.188684	0.189529	0.188901	0.189278
0.17678	0.177692	0.169501	0.17414	0.176098	0.178187	0.179712	0.183973	0.184836	0.184587	0.184824	0.186078	0.186826	0.186287	0.186606
0.172771	0.17442	0.166503	0.171349	0.17334	0.175469	0.176982	0.181246	0.18214	0.181934	0.182175	0.183441	0.184213	0.183685	0.184015
0.168982	0.170883	0.163664	0.168454	0.170483	0.172747	0.174274	0.178379	0.179342	0.179294	0.179457	0.180764	0.181584	0.181085	0.181325
0.164897	0.167463	0.160654	0.165602	0.167637	0.169912	0.171606	0.175598	0.176498	0.17651	0.176806	0.178094	0.178944	0.17841	0.178788
0.160986	0.163858	0.157726	0.162657	0.164819	0.16708	0.168827	0.172828	0.173737	0.1738	0.174085	0.175298	0.17615	0.175728	0.176143
0.157221	0.160315	0.154751	0.159716	0.16192	0.164325	0.165938	0.16975	0.170973	0.170982	0.171401	0.172608	0.17345	0.172977	0.173281
0.153213	0.156924	0.151643	0.156791	0.159008	0.161418	0.163244	0.167008	0.1681	0.168281	0.168682	0.169756	0.170656	0.170317	0.17064
0.149351	0.153364	0.148528	0.153821	0.156126	0.158534	0.160346	0.164011	0.16532	0.16532	0.165722	0.167052	0.167735	0.167507	0.167879
0.145428	0.149855	0.145587	0.150791	0.153159	0.155631	0.157454	0.161047	0.162326	0.162568	0.162995	0.164118	0.165012	0.164667	0.165041
0.141424	0.146122	0.142386	0.147728	0.15016	0.15269	0.154544	0.15821	0.159417	0.159655	0.16016	0.161392	0.162144	0.161979	0.162353
0.137381	0.142477	0.13938	0.144648	0.147215	0.149845	0.151663	0.155239	0.156433	0.156751	0.157127	0.158428	0.159219	0.159008	0.159442
0.133482	0.13908	0.136108	0.141469	0.144152	0.146918	0.148615	0.152299	0.15357	0.153795	0.154311	0.155465	0.156282	0.156086	0.156584
0.129743	0.135273	0.133001	0.13847	0.141022	0.143772	0.145612	0.149117	0.15045	0.150778	0.15137	0.152505	0.153473	0.153216	0.153684
0.125569	0.131615	0.129724	0.135208	0.137929	0.140586	0.142619	0.146033	0.147336	0.147752	0.148377	0.149509	0.150289	0.150419	0.150687
0.122089	0.127843	0.126455	0.132052	0.134787	0.137608	0.139647	0.142969	0.144231	0.144776	0.14531	0.146408	0.147359	0.147267	0.147862
0.117887	0.124132	0.123206	0.128789	0.131549	0.134435	0.136366	0.139842	0.141183	0.141468	0.14237	0.143354	0.144302	0.144296	0.144806
0.114267	0.120333	0.119763	0.125495	0.128318	0.131235	0.133269	0.136449	0.138028	0.138518	0.139236	0.140284	0.141255	0.141246	0.141733
0.110718	0.11646	0.116331	0.122135	0.125069	0.128056	0.130031	0.133343	0.134746	0.135224	0.136077	0.137153	0.138044	0.138116	0.13875
0.106989	0.11255	0.112947	0.118823	0.121756	0.124739	0.126856	0.129884	0.131424	0.132085	0.132918	0.133911	0.134756	0.134931	0.135544
0.103484	0.108686	0.109414	0.115259	0.118282	0.121335	0.123575	0.126721	0.128242	0.128717	0.129643	0.130754	0.131692	0.131808	0.132376
0.100188	0.10472	0.105876	0.111757	0.114976	0.11797	0.120177	0.12316	0.124777	0.125512	0.126345	0.127467	0.128311	0.128634	0.129017
0.0965583	0.10072	0.102197	0.108183	0.111478	0.114641	0.116763	0.119843	0.121394	0.121924	0.122907	0.124058	0.125029	0.125268	0.125857
0.0935885	0.0968011	0.0986786	0.104656	0.10789	0.11087	0.113379	0.116298	0.117873	0.118664	0.119519	0.120654	0.121654	0.12187	0.122426
0.0909907	0.0927938	0.0948338	0.100778	0.104225	0.107418	0.109806	0.112696	0.114325	0.114981	0.116014	0.117092	0.118123	0.118421	0.118956
0.0880597	0.0885638	0.0911067	0.0971242	0.100456	0.103782	0.106151	0.109001	0.110727	0.111556	0.11247	0.113705	0.114624	0.114855	0.115421
0.0855401	0.0843974	0.0871829	0.0932632	0.0966509	0.100041	0.102454	0.105342	0.107	0.107919	0.108854	0.109978	0.110891	0.111381	0.111963
0.0832296	0.0802181	0.0831894	0.0891779	0.0928662	0.0961201	0.0986791	0.101262	0.103054	0.104162	0.105105	0.106244	0.107161	0.107559	0.108277
0.0810905	0.0758253	0.0791014	0.0850537	0.0886721	0.0921983	0.0946503	0.0974646	0.0992754	0.100122	0.101258	0.102363	0.103388	0.103934	0.104395
0.0791856	0.0714102	0.074578	0.0808948	0.0846001	0.0879532	0.0907383	0.093449	0.0951403	0.0962442	0.0972517	0.0984109	0.0993556	0.0998247	0.10053
0.0773543	0.0675906	0.0704695	0.076549	0.0803596	0.0837887	0.0863804	0.0890876	0.0909481	0.0920687	0.0931133	0.094356	0.0953925	0.09577	0.0965144
0.0757608	0.0637537	0.0660478	0.0719752	0.0758526	0.0793403	0.0819592	0.084657	0.0865937	0.0877434	0.0887935	0.0901362	0.0911467	0.0915656	0.0923177
0.0743587	0.0599225	0.0615006	0.0671589	0.0711474	0.0747456	0.0774623	0.0801258	0.081979	0.0833283	0.0844464	0.0856464	0.0866466	0.0872698	0.0880532
0.0730615	0.0563277	0.0567909	0.0623113	0.0662213	0.070023	0.0728191	0.0754812	0.077198	0.0786331	0.0797416	0.0810733	0.0819935	0.0826453	0.0833259
0.071874	0.053263	0.052209	0.0572815	0.0612083	0.064942	0.067776	0.0702774	0.0723495	0.0735669	0.0749481	0.0761879	0.0770781	0.0778858	0.0786201
0.0709002	0.0504424	0.0478904	0.0518622	0.0557048	0.0594273	0.0622739	0.065013	0.0670775	0.0684398	0.0696204	0.0707482	0.0719128	0.0726326	0.0734941
0.0698381	0.0479527	0.0439237	0.0466349	0.0499486	0.0536636	0.0565504	0.0589963	0.0611789	0.0626369	0.0640101	0.0652964	0.0663329	0.0670596	0.0681802
0.0690999	0.0457499	0.040124	0.0413904	0.044216	0.0473523	0.0502806	0.0527291	0.055079	0.0565012	0.0578033	0.0592302	0.060187	0.0611832	0.0620165
0.0682703	0.0438748	0.0368647	0.0366988	0.0379785	0.040805	0.0433377	0.0458183	0.0482234	0.0495522	0.0510429	0.0525128	0.0533185	0.0546366	0.0554605
0.0675461	0.0420427	0.0340265	0.0325222	0.0326552	0.0339286	0.0360415	0.0382513	0.0402028	0.0419177	0.0433696	0.0444409	0.0459726	0.0468855	0.0478808
0.0670132	0.0407908	0.0317788	0.0290548	0.0277936	0.0280028	0.0286357	0.0300912	0.0312287	0.0329122	0.0343493	0.0355833	0.0368308	0.0380481	0.0389481
0.0663986	0.0394558	0.0300636	0.0264187	0.0243395	0.0230437	0.0225021	0.0227568	0.0229961	0.0231693	0.0237178	0.0249469	0.0260886	0.0266496	0.0276944
0.0659199	0.038425	0.0284348	0.0242496	0.0213695	0.0195058	0.0182732	0.0172934	0.016847	0.0163893	0.0158984	0.0159107	0.0155192	0.0155018	0.0153912
0.0655636	0.0374147	0.0271266	0.0226025	0.019305	0.016981	0.0154533	0.0139953	0.0130367	0.0122301	0.0114186	0.010664	0.0101811	0.00957548	0.00916168
0.0650799	0.0366707	0.0260858	0.0212678	0.0176788	0.0152028	0.013242	0.0120511	0.0108133	0.00988086	0.00903927	0.00827428	0.0076275	0.00708158	0.00662861
0.0647855	0.0359679	0.0252435	0.0201122	0.0164965	0.0139534	0.0120004	0.0106595	0.00945501	0.00845915	0.00766142	0.00697651	0.00633626	0.00584116	0.0054095
0.0644775	0.0354012	0.0245842	0.0192166	0.0154752	0.0129724	0.0110507	0.00965934	0.00850648	0.00752553	0.00678905	0.00607604	0.00558591	0.00506929	0.00468918
0.0641311	0.0348368	0.0238783	0.018576	0.0147984	0.0122858	0.0103151	0.0089686	0.00787961	0.00691823	0.0061961	0.00556614	0.00502482	0.00459944	0.00420911
0.0639224	0.0343789	0.023377	0.018006	0.0142165	0.0117081	0.00975684	0.00842288	0.00737283	0.00645897	0.00580356	0.00516803	0.00465846	0.00422475	0.00387549
0.0637702	0.0339985	0.0229493	0.0175136	0.0137341	0.0112968	0.00932434	0.00805694	0.00695657	0.00612	0.00544221	0.00487274	0.00439489	0.003961	0.00363534
0.0634023	0.0335681	0.0225411	0.0170804	0.0133497	0.0108995	0.0090219	0.00771694	0.00667943	0.00585491	0.00521243	0.00464307	0.00418262	0.00377761	0.00345723
0.0632971	0.0333008	0.0222741	0.0167542	0.013038	0.0105689	0.00875217	0.00745249	0.00644941	0.00563734	0.00500341	0.00445877	0.00400773	0.0036399	0.00331133
0.0631272	0.0330108	0.0219241	0.0164484	0.0127639	0.0103334	0.00850929	0.00726479	0.00627528	0.00546288	0.00483896	0.00431979	0.00387004	0.00350039	0.00319894
0.062985	0.0327624	0.0216716	0.0162252	0.0125162	0.0101019	0.00832196	0.00707733	0.00609467	0.00531243	0.00470768	0.00419016	0.0037632	0.00339684	0.00310603
0.0628246	0.0325745	0.0215174	0.0159889	0.0123378	0.00997626	0.00814678	0.00694108	0.00597731	0.00519802	0.00460386	0.00408782	0.00368713	0.00331812	0.00302171
0.0627395	0.0323947	0.0213137	0.0158053	0.0121818	0.00979955	0.00803265	0.00681241	0.00586459	0.0050986	0.0044991	0.00401444	0.00359728	0.00324994	0.00296244
0.0626105	0.0321988	0.0211196	0.0156629	0.0120239	0.00966929	0.0078996	0.00670966	0.00576954	0.00500696	0.00443238	0.00393164	0.00353063	0.00318351	0.00290442
0.0625476	0.0320082	0.0210245	0.0155348	0.0119006	0.00956758	0.00779958	0.0066137	0.00568566	0.00493403	0.00436336	0.00387603	0.00347264	0.00312976	0.00285589
