2	3	4	5	6	7	8	9	10	11	12	13	14	15	16
1	1	1	1	1	1	1	1	1	1	1	1	1	1	1
0.992914	0.993532	0.993969	0.994186	0.994319	0.994435	0.994494	0.994503	0.994577	0.99463	0.994687	0.994713	0.994727	0.994769	0.994795
0.985774	0.987004	0.987899	0.988352	0.988611	0.988848	0.988973	0.988981	0.989139	0.989247	0.989354	0.989367	0.989397	0.989504	0.989547
0.97862	0.980442	0.981819	0.98247	0.982854	0.983208	0.983416	0.983423	0.983663	0.983824	0.983965	0.984023	0.984073	0.98422	0.984307
0.971403	0.97387	0.975692	0.976556	0.977047	0.977563	0.977805	0.977849	0.978146	0.978357	0.978585	0.978624	0.978705	0.978894	0.97901
0.964087	0.967272	0.969528	0.970589	0.971216	0.971833	0.972194	0.972176	0.972638	0.972861	0.973122	0.973186	0.973318	0.973535	0.973647
0.956736	0.960565	0.963328	0.964564	0.965386	0.966128	0.966501	0.966477	0.967026	0.967377	0.967625	0.967754	0.967852	0.968188	0.968233
0.949347	0.953822	0.957066	0.958589	0.959523	0.960293	0.960803	0.960836	0.961435	0.961797	0.96218	0.962279	0.962396	0.962712	0.962939
0.941971	0.947101	0.950717	0.952523	0.953494	0.954497	0.9551	0.95507	0.955789	0.95617	0.956705	0.956723	0.956931	0.95733	0.95748
0.934437	0.940259	0.944388	0.946412	0.947629	0.948713	0.949375	0.949338	0.950171	0.95057	0.951028	0.951224	0.951423	0.951771	0.952067
0.926903	0.933369	0.937926	0.940269	0.941541	0.942825	0.943542	0.943573	0.944381	0.944976	0.945419	0.94563	0.945801	0.946262	0.94659
0.919294	0.926484	0.931587	0.934145	0.935585	0.936981	0.937674	0.937734	0.938755	0.939242	0.939813	0.940009	0.940184	0.940745	0.941014
0.911571	0.919466	0.925148	0.927916	0.929527	0.931002	0.931781	0.931808	0.932905	0.933467	0.934134	0.934248	0.934625	0.935141	0.935469
0.903927	0.912531	0.918672	0.921563	0.923251	0.924857	0.925979	0.925881	0.927039	0.927645	0.928448	0.928608	0.928929	0.929494	0.929895
0.896191	0.905522	0.91211	0.91522	0.91715	0.918892	0.919788	0.920039	0.921089	0.921819	0.922576	0.922702	0.923171	0.923949	0.92422
0.887964	0.898503	0.905504	0.908999	0.910847	0.912821	0.913976	0.913877	0.915264	0.916039	0.916975	0.91712	0.917378	0.918185	0.91842
0.880397	0.8914	0.898896	0.902631	0.904552	0.906819	0.907957	0.907796	0.909326	0.910017	0.911105	0.911258	0.91164	0.912371	0.912836
0.872504	0.883939	0.892007	0.896167	0.89832	0.900569	0.901688	0.901785	0.903308	0.904076	0.905247	0.905517	0.905825	0.906717	0.907112
0.864612	0.876743	0.885431	0.889673	0.891981	0.89422	0.895619	0.895616	0.897268	0.898054	0.899207	0.899574	0.899932	0.900815	0.90113
0.856106	0.869217	0.878506	0.883065	0.885579	0.88802	0.88942	0.889386	0.891182	0.892082	0.893189	0.893588	0.893812	0.894869	0.895514
0.848108	0.862041	0.871637	0.876428	0.879035	0.881685	0.88314	0.883161	0.885087	0.886243	0.887217	0.887592	0.887999	0.889079	0.889463
0.839442	0.854533	0.864719	0.869656	0.872707	0.875263	0.876879	0.876977	0.878865	0.879882	0.881174	0.881515	0.882006	0.883104	0.88352
0.831324	0.84689	0.85778	0.863022	0.865992	0.868852	0.870416	0.870715	0.872565	0.87384	0.874981	0.875515	0.87609	0.877015	0.877728
0.822861	0.839396	0.85059	0.856137	0.859598	0.862462	0.8641	0.864336	0.866428	0.867559	0.868766	0.86937	0.869793	0.870889	0.871706
0.814256	0.831721	0.843336	0.849494	0.852733	0.856158	0.8579	0.857875	0.859893	0.861186	0.862798	0.86322	0.863778	0.864934	0.86552
0.805438	0.823939	0.836461	0.842599	0.846038	0.849359	0.851136	0.851227	0.853704	0.854945	0.85609	0.857066	0.857499	0.858777	0.859497
0.796735	0.816012	0.829115	0.835336	0.839197	0.842634	0.844654	0.844981	0.84712	0.848582	0.849961	0.850586	0.851216	0.85251	0.85314
0.788011	0.808052	0.821555	0.828502	0.832268	0.835815	0.837925	0.838376	0.840768	0.842066	0.843706	0.844178	0.844909	0.846146	0.847012
0.778857	0.799939	0.814227	0.821257	0.825494	0.829094	0.83122	0.831536	0.834239	0.835604	0.837185	0.837663	0.838597	0.840085	0.84051
0.769933	0.79206	0.806645	0.813897	0.818556	0.822328	0.824596	0.824895	0.827493	0.829027	0.830726	0.831371	0.8321	0.833728	0.834379
0.760904	0.783788	0.799167	0.806805	0.811367	0.815349	0.817469	0.818011	0.820718	0.822259	0.82423	0.824784	0.825546	0.827032	0.827871
0.751376	0.775532	0.79146	0.799476	0.804013	0.808577	0.810721	0.811235	0.814153	0.815573	0.817431	0.818344	0.819073	0.820435	0.821382
0.742307	0.767268	0.783554	0.792139	0.796722	0.801469	0.803746	0.804148	0.807225	0.808991	0.810706	0.811613	0.812644	0.813832	0.814766
0.73256	0.758797	0.776174	0.784352	0.789523	0.794223	0.796473	0.797182	0.800266	0.802209	0.803973	0.80484	0.805643	0.807401	0.808172
0.722744	0.750134	0.767892	0.776795	0.782302	0.786815	0.789759	0.790046	0.793255	0.795276	0.797361	0.798039	0.798553	0.800744	0.801546
0.712954	0.741165	0.759847	0.769103	0.774344	0.779621	0.782602	0.782844	0.785963	0.788023	0.790205	0.790948	0.792033	0.79385	0.794757
0.703167	0.732712	0.75153	0.761344	0.766936	0.771868	0.775247	0.775835	0.779064	0.781228	0.783399	0.783988	0.785324	0.786538	0.78824
0.692379	0.723687	0.743261	0.753375	0.759378	0.7648	0.767601	0.768374	0.771857	0.774073	0.776106	0.776967	0.778134	0.780119	0.781146
0.682666	0.714795	0.735267	0.745525	0.751764	0.757322	0.760152	0.761369	0.764499	0.766542	0.769203	0.770068	0.77097	0.772743	0.773897
0.672769	0.705468	0.727068	0.737107	0.744045	0.749445	0.752873	0.753422	0.757144	0.759527	0.761872	0.762537	0.763622	0.765814	0.766818
0.662105	0.695904	0.718331	0.728996	0.735905	0.74183	0.745253	0.745905	0.749562	0.752214	0.754401	0.755247	0.756631	0.7585	0.759896
0.650972	0.687051	0.709568	0.72091	0.727673	0.734028	0.737513	0.737878	0.741732	0.744352	0.747014	0.748148	0.749793	0.75138	0.752766
0.640396	0.677357	0.700954	0.71263	0.719622	0.725649	0.729404	0.730307	0.734416	0.736793	0.739688	0.740613	0.74141	0.744114	0.745324
0.629986	0.667315	0.691902	0.704001	0.711179	0.71732	0.720863	0.722614	0.726515	0.72902	0.732214	0.732871	0.734148	0.736556	0.738125
0.618792	0.65809	0.683075	0.69523	0.702807	0.709531	0.713509	0.714508	0.718827	0.721114	0.724111	0.725309	0.72622	0.728854	0.730183
0.607293	0.648616	0.673448	0.686597	0.694409	0.701205	0.705159	0.706528	0.710953	0.713279	0.716239	0.717586	0.718613	0.721193	0.72256
0.596031	0.63831	0.664611	0.677462	0.685448	0.692851	0.696868	0.698021	0.702602	0.705508	0.708097	0.70967	0.710925	0.713502	0.714496
0.584063	0.628225	0.655041	0.668568	0.676678	0.683956	0.688716	0.689727	0.694089	0.697118	0.700186	0.701763	0.703163	0.70549	0.707005
0.572424	0.617398	0.645602	0.659172	0.667792	0.675124	0.680067	0.681504	0.685812	0.68898	0.691951	0.693317	0.694774	0.697434	0.699095
0.56061	0.607074	0.63596	0.649807	0.658646	0.666496	0.670921	0.67196	0.677524	0.680425	0.683839	0.685279	0.686725	0.689082	0.690289
0.548236	0.596642	0.625696	0.640346	0.649287	0.657266	0.662502	0.663767	0.668751	0.67225	0.675548	0.676568	0.678266	0.681042	0.682327
0.536304	0.585634	0.615346	0.630651	0.640092	0.647989	0.653274	0.654465	0.660299	0.663024	0.666269	0.668375	0.669277	0.67238	0.673873
0.523488	0.574991	0.605504	0.620696	0.630445	0.638608	0.643983	0.645292	0.650991	0.65459	0.657893	0.659256	0.660998	0.663567	0.665032
0.510744	0.563011	0.594614	0.610605	0.620548	0.629042	0.634605	0.636567	0.641907	0.645453	0.649019	0.650915	0.652148	0.655332	0.656797
0.496904	0.55146	0.584401	0.600258	0.610878	0.619795	0.625261	0.627237	0.63249	0.636323	0.639303	0.641589	0.642985	0.645884	0.647588
0.483943	0.540365	0.573018	0.589464	0.600627	0.610182	0.615181	0.617949	0.623535	0.62691	0.630398	0.63217	0.633746	0.636597	0.638568
0.470972	0.528126	0.562236	0.579295	0.590075	0.599545	0.605148	0.607666	0.613487	0.617213	0.620969	0.622738	0.624984	0.62749	0.629321
0.456302	0.516006	0.550647	0.568067	0.579543	0.588727	0.595198	0.597632	0.603378	0.607363	0.611234	0.613099	0.61463	0.618606	0.619638
0.443988	0.503419	0.538935	0.557	0.568718	0.57865	0.585244	0.587683	0.593235	0.597695	0.601162	0.602976	0.605219	0.608206	0.610588
0.428264	0.490843	0.527246	0.545643	0.55746	0.56772	0.573953	0.577404	0.58326	0.586608	0.591526	0.592959	0.595275	0.598499	0.600533
0.414693	0.477756	0.514734	0.533861	0.546071	0.556502	0.563252	0.565947	0.57275	0.576896	0.581044	0.582801	0.585287	0.588407	0.590337
0.401013	0.464103	0.502022	0.521776	0.534507	0.545395	0.551944	0.555533	0.56167	0.565678	0.570339	0.572369	0.574528	0.5779	0.580443
0.386471	0.450466	0.489334	0.509791	0.522636	0.533599	0.5408	0.543592	0.550321	0.555041	0.559598	0.561364	0.563397	0.56706	0.569563
0.372558	0.436468	0.475855	0.496621	0.509908	0.521293	0.529145	0.532842	0.539425	0.543304	0.548253	0.550616	0.553108	0.556458	0.55875
0.358614	0.422079	0.462221	0.483467	0.497819	0.509003	0.516861	0.520259	0.527304	0.532216	0.536728	0.539229	0.541413	0.545532	0.54704
0.343724	0.407382	0.448122	0.469896	0.48472	0.496797	0.5044	0.508613	0.515412	0.519424	0.524531	0.527286	0.53002	0.533707	0.53612
0.330189	0.392622	0.43427	0.456542	0.471174	0.482622	0.491946	0.495975	0.502807	0.507897	0.512427	0.515195	0.518147	0.521629	0.523924
0.319125	0.377193	0.418839	0.44145	0.457183	0.469663	0.478585	0.482807	0.490011	0.494454	0.499734	0.502373	0.505524	0.509252	0.511463
0.305351	0.360919	0.4039	0.427184	0.442521	0.455733	0.464727	0.469253	0.476832	0.482002	0.486744	0.490164	0.492881	0.49625	0.498608
0.293742	0.344549	0.387626	0.411973	0.427632	0.441326	0.450555	0.45571	0.462972	0.46846	0.473325	0.476358	0.479132	0.483508	0.485963
0.282322	0.327519	0.371174	0.395384	0.41272	0.425914	0.435967	0.440141	0.448055	0.454349	0.459174	0.462418	0.465297	0.469185	0.47223
0.271344	0.30959	0.353836	0.378656	0.39569	0.410283	0.420033	0.425689	0.433741	0.438843	0.444506	0.44768	0.451107	0.455558	0.4575
0.262019	0.291066	0.334443	0.361471	0.379107	0.393156	0.404525	0.410156	0.417719	0.423904	0.428985	0.432531	0.43567	0.439658	0.442714
0.252423	0.274659	0.316509	0.343258	0.361629	0.376181	0.386829	0.392873	0.401258	0.407466	0.412722	0.416728	0.420371	0.423904	0.427115
0.243103	0.257859	0.297233	0.323903	0.342736	0.357729	0.368677	0.375182	0.383913	0.390197	0.395486	0.400071	0.403674	0.407267	0.410541
0.235156	0.240917	0.276905	0.303026	0.322774	0.338425	0.35002	0.356844	0.365262	0.372368	0.377935	0.382031	0.385673	0.390073	0.393517
0.228193	0.22439	0.255268	0.281844	0.301397	0.318413	0.330438	0.337807	0.345629	0.353137	0.358629	0.363415	0.366791	0.371222	0.374238
0.220399	0.209878	0.234052	0.259623	0.279568	0.29641	0.308889	0.316023	0.325524	0.331952	0.338699	0.343235	0.346533	0.35157	0.354869
0.214296	0.196219	0.213599	0.235249	0.255084	0.272325	0.28502	0.29371	0.30325	0.310344	0.316162	0.320301	0.324949	0.329509	0.33336
0.2078	0.183784	0.194255	0.211185	0.229154	0.246675	0.259811	0.267732	0.277896	0.285374	0.292071	0.297088	0.301242	0.305715	0.310802
0.202438	0.172715	0.175545	0.186638	0.202968	0.218256	0.231849	0.240383	0.251378	0.258648	0.265011	0.270795	0.274701	0.280291	0.284109
0.197176	0.162894	0.158981	0.164298	0.173923	0.188275	0.200358	0.20966	0.221022	0.227844	0.235108	0.241252	0.244564	0.251507	0.255312
0.19177	0.152704	0.144072	0.143999	0.148728	0.156284	0.166871	0.175544	0.184968	0.193532	0.200627	0.205068	0.211871	0.216841	0.221481
0.187316	0.145824	0.131902	0.126648	0.125278	0.128213	0.132243	0.138198	0.143947	0.152398	0.159452	0.164885	0.170514	0.176757	0.180977
0.183036	0.138014	0.122506	0.113134	0.108315	0.104304	0.103061	0.104027	0.105786	0.1072	0.110169	0.11586	0.121148	0.124242	0.12918
0.179148	0.132022	0.113162	0.101764	0.0932206	0.0867851	0.0826101	0.0781529	0.0767595	0.0753314	0.0734148	0.073606	0.0718536	0.0721504	0.0717344
0.175687	0.125902	0.105413	0.0928218	0.0823246	0.0740664	0.06863	0.0620727	0.0583972	0.0553786	0.0520263	0.0486409	0.0465759	0.0440334	0.0422343
0.171988	0.121118	0.0990804	0.0854064	0.0735937	0.0647644	0.0573037	0.0523849	0.0474443	0.0438142	0.0403444	0.0369962	0.0341975	0.0319548	0.029995
0.169186	0.116409	0.0938686	0.0787493	0.0671285	0.0580636	0.0507455	0.0452372	0.0405297	0.0366279	0.0334165	0.0305115	0.0277596	0.0257708	0.0239513
0.166143	0.112493	0.0893733	0.0733852	0.0613081	0.05262	0.0456415	0.0399561	0.0355332	0.0317441	0.0288778	0.0258677	0.0239244	0.0218325	0.020255
0.162818	0.108677	0.0847601	0.069384	0.0572511	0.0486454	0.0415208	0.0361507	0.0322011	0.0284833	0.0256787	0.0231602	0.0209439	0.0193488	0.0177295
0.160341	0.105333	0.0811695	0.0655858	0.0536088	0.0452546	0.0382685	0.0330568	0.0293331	0.0259334	0.0235596	0.0209602	0.0189347	0.0172917	0.0159106
0.15787	0.102274	0.0780356	0.0624635	0.050606	0.0426497	0.0356305	0.0309347	0.0269264	0.0239446	0.0214548	0.0192688	0.017444	0.0158153	0.01456
0.155189	0.099175	0.0749737	0.0595354	0.0480766	0.0401355	0.0337381	0.0288591	0.0252483	0.0224048	0.0201058	0.0179404	0.0162221	0.0147418	0.0135414
0.153231	0.0967564	0.0727261	0.0570696	0.0459908	0.0380041	0.0319966	0.0272329	0.0238297	0.0210145	0.0188363	0.0168229	0.0151571	0.0139054	0.012652
0.151074	0.0943663	0.0699905	0.0548327	0.0440391	0.0363785	0.0303923	0.0259833	0.022722	0.0199612	0.0177623	0.015929	0.0142933	0.0130235	0.0119468
0.149062	0.0921006	0.0678838	0.0531545	0.0420818	0.0347093	0.0291206	0.0247378	0.0215194	0.0189391	0.0169294	0.015108	0.0135998	0.0123619	0.0113428
0.147024	0.0903056	0.0661469	0.0513274	0.0408107	0.0337113	0.0278187	0.0237857	0.0206636	0.0181516	0.016201	0.0144153	0.0130686	0.0118192	0.0107869
0.145439	0.088543	0.0644915	0.0497274	0.0394413	0.0323082	0.0268894	0.0228386	0.0198796	0.0174557	0.0154632	0.0138849	0.012476	0.0113704	0.0103647
0.143503	0.0866465	0.0627621	0.0483863	0.0381327	0.0313214	0.0259646	0.0220864	0.0191758	0.0167811	0.0149706	0.0132997	0.0119853	0.0108849	0.00995691
0.142291	0.0849157	0.0614424	0.0472024	0.0371735	0.0304267	0.0251367	0.0213245	0.0185309	0.0162115	0.014464	0.0129061	0.0115684	0.0104819	0.00960861
