0 1
10 0.990568
20 0.981094
30 0.971599
40 0.962047
50 0.952356
60 0.942761
70 0.933028
80 0.923346
90 0.913525
100 0.903731
110 0.893714
120 0.883797
130 0.873849
140 0.863844
150 0.853357
160 0.843657
170 0.833534
180 0.823469
190 0.812592
200 0.802617
210 0.79174
220 0.781198
230 0.77084
240 0.759918
250 0.749114
260 0.7383
270 0.727619
280 0.716408
290 0.705579
300 0.694551
310 0.683089
320 0.672285
330 0.660566
340 0.649215
350 0.637548
360 0.626306
370 0.614174
380 0.602992
390 0.59195
400 0.580249
410 0.567951
420 0.556178
430 0.545202
440 0.533374
450 0.521279
460 0.509847
470 0.497521
480 0.485721
490 0.474362
500 0.462269
510 0.450617
520 0.43878
530 0.426699
540 0.414501
550 0.402737
560 0.391456
570 0.378862
580 0.368363
590 0.355684
600 0.344762
610 0.334054
620 0.322803
630 0.312228
640 0.302284
650 0.291332
660 0.282372
670 0.274534
680 0.265691
690 0.258089
700 0.251117
710 0.244663
720 0.238916
730 0.233391
740 0.228583
750 0.224352
760 0.220439
770 0.216856
780 0.213918
790 0.210713
800 0.208486
810 0.205983
820 0.203798
830 0.20219
840 0.200336
850 0.198891
860 0.197816
870 0.196357
880 0.195469
890 0.194539
900 0.193494
910 0.192864
920 0.192405
930 0.191295
940 0.190978
950 0.190465
960 0.190036
970 0.189552
980 0.189295
990 0.188906
1000 0.188716
