0 1
10 0.992358
20 0.984694
30 0.976989
40 0.96923
50 0.961456
60 0.953683
70 0.945885
80 0.937928
90 0.930122
100 0.922098
110 0.914247
120 0.906264
130 0.898069
140 0.890055
150 0.881868
160 0.873651
170 0.865542
180 0.857347
190 0.849046
200 0.840635
210 0.83244
220 0.823859
230 0.815607
240 0.806913
250 0.798343
260 0.789691
270 0.780954
280 0.772352
290 0.763636
300 0.754637
310 0.745592
320 0.736486
330 0.727657
340 0.718694
350 0.709142
360 0.700029
370 0.690804
380 0.681613
390 0.672327
400 0.662651
410 0.652986
420 0.643445
430 0.633606
440 0.623906
450 0.614134
460 0.604012
470 0.593929
480 0.583945
490 0.573674
500 0.563357
510 0.553146
520 0.542634
530 0.532009
540 0.521575
550 0.510723
560 0.499633
570 0.488675
580 0.477543
590 0.466071
600 0.454624
610 0.443113
620 0.431375
630 0.419067
640 0.407354
650 0.394961
660 0.382248
670 0.369264
680 0.35591
690 0.342429
700 0.32902
710 0.31416
720 0.299734
730 0.28471
740 0.268742
750 0.252071
760 0.23532
770 0.2169
780 0.196758
790 0.17758
800 0.155577
810 0.134845
820 0.114894
830 0.0987334
840 0.0851986
850 0.0755515
860 0.0683498
870 0.062635
880 0.0584462
890 0.0548278
900 0.0524299
910 0.0503683
920 0.0486592
930 0.0472973
940 0.0461929
950 0.0452218
960 0.0443442
970 0.0437122
980 0.0431595
990 0.0426
1000 0.0421632
