0 1
10 0.992531
20 0.985049
30 0.977516
40 0.96998
50 0.962359
60 0.954774
70 0.94706
80 0.939382
90 0.931726
100 0.923962
110 0.916256
120 0.908429
130 0.900407
140 0.89259
150 0.884699
160 0.876841
170 0.868765
180 0.860576
190 0.852561
200 0.844414
210 0.836186
220 0.827961
230 0.819748
240 0.81164
250 0.803085
260 0.79458
270 0.78599
280 0.777542
290 0.769009
300 0.760333
310 0.751814
320 0.743036
330 0.734129
340 0.725056
350 0.716207
360 0.706811
370 0.698182
380 0.689091
390 0.679688
400 0.67047
410 0.661208
420 0.651433
430 0.641728
440 0.632506
450 0.622858
460 0.613196
470 0.603132
480 0.59308
490 0.5833
500 0.572981
510 0.562744
520 0.552439
530 0.542
540 0.531901
550 0.521511
560 0.510344
570 0.499034
580 0.488464
590 0.4772
600 0.465841
610 0.454557
620 0.442783
630 0.4307
640 0.418755
650 0.406938
660 0.393552
670 0.381299
680 0.368392
690 0.355113
700 0.341195
710 0.327274
720 0.312205
730 0.297423
740 0.281632
750 0.265323
760 0.248559
770 0.230523
780 0.210948
790 0.190488
800 0.168085
810 0.144844
820 0.120435
830 0.0994008
840 0.0817976
850 0.0692392
860 0.060277
870 0.053965
880 0.04953
890 0.0460478
900 0.0436106
910 0.0415599
920 0.0401
930 0.0386897
940 0.0375162
950 0.0366802
960 0.0358585
970 0.0354125
980 0.0347852
990 0.0343228
1000 0.0339618
