0 1
10 0.992566
20 0.985107
30 0.977614
40 0.970111
50 0.962504
60 0.95488
70 0.947318
80 0.939636
90 0.931984
100 0.924308
110 0.916563
120 0.908732
130 0.90089
140 0.893159
150 0.885094
160 0.877128
170 0.869228
180 0.861193
190 0.853082
200 0.844985
210 0.836933
220 0.828815
230 0.820584
240 0.812252
250 0.803776
260 0.795689
270 0.787254
280 0.778619
290 0.770184
300 0.761517
310 0.752951
320 0.744102
330 0.735397
340 0.726534
350 0.71763
360 0.708901
370 0.699758
380 0.691068
390 0.681518
400 0.672424
410 0.662881
420 0.653731
430 0.644495
440 0.634959
450 0.625547
460 0.615652
470 0.606054
480 0.596493
490 0.58587
500 0.576406
510 0.566063
520 0.555833
530 0.546041
540 0.535787
550 0.52564
560 0.514658
570 0.504014
580 0.493439
590 0.482647
600 0.470936
610 0.460216
620 0.448278
630 0.437361
640 0.425071
650 0.413623
660 0.401387
670 0.388956
680 0.376203
690 0.363574
700 0.349493
710 0.336386
720 0.322527
730 0.307474
740 0.292183
750 0.276544
760 0.260514
770 0.242553
780 0.223825
790 0.20388
800 0.181906
810 0.158227
820 0.13092
830 0.103595
840 0.077904
850 0.0597391
860 0.0488193
870 0.0413236
880 0.036501
890 0.033338
900 0.030954
910 0.0290705
920 0.0278075
930 0.026634
940 0.0257213
950 0.0250735
960 0.0244265
970 0.0239562
980 0.0235121
990 0.0231575
1000 0.0228263
